M=[1:10;11:20;21:30]
N= M(:,1:2)
P= M(:,8:10)
Q= M(1:2:3,3:4:7)
R = M(:,1:2:end)